t 33
size 15
position -0.213239 0.554009 -3.67512 0.159103 -0.0473092 7.14849 
position 0.272289 0.232593 -2.88113 0.364151 -0.0931891 5.75576 
position -0.0162466 0.386697 -3.31326 0.228269 0.104726 5.81542 
position -0.187701 0.451544 -3.19101 -0.0150361 0.0411313 5.55029 
position -0.491524 0.42963 -2.51378 0.0930502 -0.0378916 6.03781 
position -0.134819 0.543351 -2.96594 0.315694 -0.100111 6.16058 
position -0.343927 0.33543 -3.89484 0.21863 -0.278141 6.27997 
position -0.163446 0.28011 -3.54651 -0.0909588 -0.11553 6.00678 
position -0.0226808 0.288726 -3.43341 0.20303 -0.0358182 6.70187 
position -0.0946367 0.513869 -3.11949 0.0969963 0.183881 5.55013 
position -0.214635 0.413291 -3.45476 0.560911 -0.074544 6.29233 
position -0.0110467 0.118556 -3.04355 0.522853 0.155291 6.27417 
position -0.179808 0.359339 -3.02403 0.367869 -0.0985189 4.39533 
position -0.132965 0.228555 -3.63633 0.0760419 -0.316063 8.06461 
position -0.0878244 0.476457 -3.63146 0.306908 -0.213297 5.81296 
speed 0.110274 -0.0981134 0.368586 0.0688021 -0.057618 0.0907721 
speed -0.265937 -0.0409929 0.164928 -0.0111837 0.0878252 0.0991141 
speed 0.0753 0.0267229 -0.208908 0.224668 0.0381213 0.166294 
speed 0.0531748 0.0250395 0.62269 0.144227 -0.129438 -0.025654 
speed -0.15643 0.02544 0.127835 0.0675253 0.0617688 -0.196407 
speed -0.00991255 -0.0224501 0.156747 0.266302 -0.0153303 0.182496 
speed -0.0169735 -0.0637317 -0.146521 0.229091 0.0587332 -0.358219 
speed 0.0723866 -0.0738619 -0.0126546 0.135138 0.0503931 0.226418 
speed -0.0098143 0.0554062 -0.17101 0.173115 -0.12443 0.222656 
speed 0.0910344 -0.240604 0.174304 0.0978152 -0.0067021 0.469547 
speed -0.0543123 0.0184683 -0.136218 -0.0551436 0.0726616 -0.315325 
speed 0.00746813 -0.0242792 0.0606035 0.0953789 -0.0746241 -0.159609 
speed 0.0548157 6.17922e-05 -0.0380399 0.131193 -0.02277 0.160935 
speed 0.048911 -0.0805911 0.236666 0.120052 -0.0333468 0.407966 
speed -0.024447 -0.00595292 -0.172778 0.128473 -0.0379145 0.138602 
personalBest_fitness 0.287559
personalBest_position -0.0766403 0.434408 -3.2133 0.0670023 -0.0161258 5.24874 
personalBest_fitness 0.272829
personalBest_position 0.179867 0.229357 -1.97179 -0.31825 0.0692596 5.14254 
personalBest_fitness 0.272935
personalBest_position 0.180625 0.691009 -2.63007 -0.182459 -0.210107 6.2456 
personalBest_fitness 0.272639
personalBest_position 0.123137 0.439935 -3.14549 -0.241648 -0.18875 6.26598 
personalBest_fitness 0.274934
personalBest_position -0.491524 0.42963 -2.51378 0.0930502 -0.0378916 6.03781 
personalBest_fitness 0.270274
personalBest_position -0.134819 0.543351 -2.96594 0.315694 -0.100111 6.16058 
personalBest_fitness 0.268545
personalBest_position -0.03833 0.591467 -2.79916 -0.386358 -0.48533 6.76662 
personalBest_fitness 0.268576
personalBest_position 0.158936 0.483104 -2.00934 -0.224592 -0.17376 5.64666 
personalBest_fitness 0.276727
personalBest_position 0.197864 0.410224 -2.20281 -0.464069 -0.126935 6.83013 
personalBest_fitness 0.283411
personalBest_position 0.245077 0.0757886 -0.972292 -0.0147202 0.418966 3.19178 
personalBest_fitness 0.277359
personalBest_position -0.0685886 0.393852 -3.17538 0.580118 -0.228091 6.79639 
personalBest_fitness 0.274602
personalBest_position 0.29845 0.442766 -2.06946 -0.230071 -0.135653 5.69419 
personalBest_fitness 0.26963
personalBest_position -0.179808 0.359339 -3.02403 0.367869 -0.0985189 4.39533 
personalBest_fitness 0.272388
personalBest_position 0.165797 0.327415 -2.15578 -0.200572 -0.217668 6.83716 
personalBest_fitness 0.280368
personalBest_position 0.130438 0.583383 -2.27272 -0.329248 -0.0515554 5.98869 
globalBest_fitness 0.282035
globalBest_position -0.0946367 0.513869 -3.11949 0.0969963 0.183881 5.55013 
absoluteBest_fitness 0.287559
absoluteBest_position -1.06409 1.78437 0.865897 0.0484761 1.01855 3.80289
