t 8
size 15
position 0.931483 0.963169 1.13111 1.09856 1.21741 1.12382 1.02189 1.10134 0.8304 -0.110523 0.776351 
position 0.919169 1.04892 1.11826 1.15147 1.19387 1.07714 1.0047 1.14189 0.91134 -0.221171 0.826042 
position 1.00616 1.00834 1.07631 1.12029 1.1893 1.06431 1.0164 1.12664 0.83267 -0.107242 0.853229 
position 1.00615 1.04528 1.05712 1.10807 1.18288 1.1083 0.951664 1.17899 0.81744 -0.148494 0.870052 
position 0.973108 1.01118 1.09 1.11622 1.19433 1.08076 1.03383 1.12932 0.783834 -0.0702441 0.740445 
position 0.93417 1.05512 1.08941 1.14684 1.23589 1.14974 1.01115 1.13758 0.843946 -0.167125 0.691108 
position 0.959254 0.989709 1.11534 1.16598 1.21786 1.1087 1.03339 1.19919 0.835879 -0.18897 0.802484 
position 1.02723 0.986244 1.09135 1.12479 1.25755 1.1076 1.03649 1.18066 0.734187 -0.200446 0.774105 
position 0.932631 1.03117 1.03595 1.10864 1.17947 1.1468 1.0554 1.14635 0.81605 -0.218523 0.944133 
position 1.0075 1.00158 1.07942 1.11305 1.18553 1.14838 1.00638 1.19998 0.842379 -0.25379 0.739995 
position 0.963852 1.03143 1.13845 1.11981 1.1897 1.08005 1.03227 1.09745 0.8531 -0.135348 0.773662 
position 0.986246 1.00769 1.10087 1.10763 1.20157 1.18389 0.973872 1.13123 0.896462 -0.0868766 0.791191 
position 0.912201 0.957104 1.09644 1.17939 1.19968 1.12937 1.02437 1.1354 0.802173 -0.318336 0.939776 
position 0.935456 1.00356 1.0408 1.15532 1.2206 1.10209 0.998173 1.16116 0.951725 -0.367869 0.823712 
position 0.942728 0.977192 1.14931 1.12085 1.18086 1.07769 1.0022 1.13661 0.918872 -0.303432 0.857046 
speed 0.00323127 -0.0100945 -0.00723155 0.0256763 0.00173936 -0.0090533 -0.0126376 0.00729965 0.0115195 -0.0149941 0.0645481 
speed 0.00792331 0.00432315 0.0382939 -0.00470596 0.023503 -0.0151152 -0.00210595 0.0195505 0.0343548 -0.0643588 0.0089573 
speed -0.0203923 0.00238986 0.0135266 -0.00522091 0.00334942 0.0142384 -0.00271743 0.00252535 0.00500125 -0.0658443 -0.031386 
speed -0.000722418 -0.0169628 0.0221022 0.00549082 -0.0109071 0.00740469 -0.0131487 0.0204888 0.0268151 -0.0579286 0.00568349 
speed -0.0132856 -0.0119805 -0.00322066 0.0148 0.0130728 0.00788422 0.00221178 -0.000653839 0.0495765 -0.0204218 -0.00533004 
speed -0.00161767 -0.0143868 -0.000415016 -0.00266716 0.00370804 -0.00113753 0.00549336 0.0020186 0.00224333 -0.0439613 0.0311119 
speed -0.00785043 -0.000293044 -0.013412 0.0120235 0.00270134 -0.0073036 -0.0196958 -0.000512767 0.0089946 -0.0371793 0.00366119 
speed 0.000753995 -0.00619261 0.0231227 -0.00314832 -0.00373133 -0.00593873 -0.00828109 0.0133209 0.00495935 -0.0424083 0.0234063 
speed -0.0268714 -0.012416 0.0038305 0.0324787 -0.011823 -0.0114592 -0.0154937 0.00947736 0.0808556 -0.0617889 -0.0100546 
speed -0.00849714 -0.0146508 -0.000481371 0.0260702 0.0160078 -0.0274492 -0.00711779 0.00267016 0.0182855 -0.00708434 0.0208959 
speed 0.00744234 -0.00487741 0.000397583 -0.00509631 0.00162533 0.01249 3.61142e-05 0.00543716 0.0138483 -0.0320499 0.00522253 
speed -0.00736852 0.00244673 0.00368931 -0.00309104 0.0221596 -0.0237525 0.0148325 0.0381918 0.00164642 -0.012532 0.00823556 
speed -0.000824024 0.00625183 0.00179934 0.00765666 -0.00431885 -0.00573458 0.0193882 0.00348471 0.0293265 -0.0374788 -0.00275258 
speed -0.00312423 -0.00303749 -0.0104981 -0.0112966 0.00163845 -0.00163531 0.0262046 0.0203635 0.0436273 -0.0877035 0.0371113 
speed 0.00997113 -0.00262482 -0.00728398 0.00931299 0.017759 0.00433841 -0.00323852 0.0169795 0.00918277 -0.0117741 0.00321376 
personalBest_fitness 0.262337
personalBest_position 0.934409 1.0329 1.07141 1.04507 1.20237 1.16209 1.05612 1.06784 0.821489 -0.082197 0.562818 
personalBest_fitness 0.266586
personalBest_position 0.919169 1.04892 1.11826 1.15147 1.19387 1.07714 1.0047 1.14189 0.91134 -0.221171 0.826042 
personalBest_fitness 0.26206
personalBest_position 1.00702 0.987411 1.02822 1.07964 1.17597 1.04335 1.05368 1.13828 0.801858 -0.0064031 0.778 
personalBest_fitness 0.264446
personalBest_position 1.00701 1.06921 0.997403 1.11024 1.21616 1.08831 0.984754 1.12305 0.757778 -0.0544614 0.840824 
personalBest_fitness 0.263682
personalBest_position 1.0266 1.04638 1.10121 1.11274 1.17373 1.08747 0.945802 1.13565 0.696874 -0.0054503 0.81313 
personalBest_fitness 0.260821
personalBest_position 0.990894 1.06737 0.966027 1.14475 1.0623 1.11954 0.986319 1.16562 0.66083 -0.0246373 0.694908 
personalBest_fitness 0.267
personalBest_position 0.973289 0.991875 1.12214 1.13969 1.21186 1.12432 1.05473 1.19278 0.82536 -0.113809 0.790312 
personalBest_fitness 0.266396
personalBest_position 1.02648 0.992437 1.06823 1.12794 1.26128 1.11354 1.04477 1.16734 0.729227 -0.158038 0.750699 
personalBest_fitness 0.270601
personalBest_position 0.932631 1.03117 1.03595 1.10864 1.17947 1.1468 1.0554 1.14635 0.81605 -0.218523 0.944133 
personalBest_fitness 0.2642
personalBest_position 1.03321 1.07069 1.08562 1.05815 1.13226 1.22283 1.02574 1.16408 0.768286 -0.156909 0.63949 
personalBest_fitness 0.263141
personalBest_position 0.910509 1.05984 1.12768 1.1745 1.20856 1.06513 0.999399 1.07979 0.80225 -0.0568868 0.752352 
personalBest_fitness 0.262401
personalBest_position 1.00138 0.990459 1.06913 1.13744 1.11315 1.25066 0.926539 0.99406 0.883277 -0.0659371 0.714818 
personalBest_fitness 0.269666
personalBest_position 0.912201 0.957104 1.09644 1.17939 1.19968 1.12937 1.02437 1.1354 0.802173 -0.318336 0.939776 
personalBest_fitness 0.272087
personalBest_position 0.93858 1.00659 1.05129 1.16662 1.21896 1.10372 0.971968 1.14079 0.908098 -0.280165 0.7866 
personalBest_fitness 0.265152
personalBest_position 0.895096 1.01131 1.16722 1.09959 1.14766 1.08988 1.00968 1.09444 0.842955 -0.185007 0.728885 
globalBest_fitness 0.270601
globalBest_position 0.932631 1.03117 1.03595 1.10864 1.17947 1.1468 1.0554 1.14635 0.81605 -0.218523 0.944133 
absoluteBest_fitness 0.272087
absoluteBest_position 0.93858 1.00659 1.05129 1.16662 1.21896 1.10372 0.971968 1.14079 0.908098 -0.280165 0.7866 
