t 34
size 15
position -0.591598 2.05867 -2.56197 0.595421 -0.609873 4.24304 
position -0.276065 2.94553 -3.32772 1.05791 0.397517 4.98913 
position -0.334801 2.36621 -2.48909 1.08012 0.514852 4.44617 
position -0.232265 2.61903 -3.75344 0.649977 -0.0575936 4.95678 
position -0.338857 2.60744 -3.34569 0.993381 -0.00547138 5.36899 
position -0.269337 2.9052 -2.99228 0.92464 0.0524516 4.08951 
position -0.226167 2.39824 -2.36272 0.958832 -0.0249359 4.54041 
position -0.535168 2.96611 -3.38683 0.946172 -0.124414 5.70541 
position -0.481194 2.43772 -2.73314 1.1504 0.326531 5.51646 
position -0.745252 2.72277 -4.05156 1.43144 0.161912 6.25304 
position -0.551896 2.86239 -3.3303 1.9123 0.369122 5.27174 
position -0.512178 2.71094 -3.11771 1.12345 -0.0857466 5.27429 
position -0.321113 2.33236 -2.17963 1.27468 0.0666471 4.45915 
position 0.0469114 1.79585 -1.65143 1.24666 0.0227756 3.61256 
position -0.237863 2.82536 -2.09829 0.946125 0.317866 5.15339 
speed -0.0317778 -0.161576 -0.583026 -0.0137215 -0.241403 -0.0976288 
speed -0.121035 -0.0928182 -0.372693 0.0623977 -0.0569217 0.449063 
speed 0.00859845 -0.134435 -0.0656341 0.0631533 0.095444 -0.105645 
speed 0.0281573 -0.14141 -0.5061 -0.0376819 -0.116067 -0.0606669 
speed -0.198114 -0.154513 -0.571034 -0.0331151 -0.0898706 0.197793 
speed 0.05901 -0.0544813 -0.0875108 0.0237662 -0.115847 -0.760332 
speed -0.0529642 -0.166739 -0.56446 0.0359944 0.021795 0.13995 
speed -0.0869225 -0.0513861 -0.51068 0.0549848 -0.0320038 -0.207321 
speed -0.145297 0.0514897 0.11958 0.00923421 0.0469807 -0.0790438 
speed -0.175841 -0.177291 -0.540173 0.0644989 -0.121526 0.654159 
speed -0.155822 -0.226857 -0.433532 0.0696948 0.0639719 -0.285424 
speed -0.376652 0.209065 -0.372757 0.100422 -0.0539344 0.240948 
speed -0.0291926 -0.00362232 0.18554 -0.000439574 -0.163222 0.178164 
speed -0.0960346 -0.550237 -0.171756 0.0840769 0.0955788 -0.41293 
speed -0.0465294 -0.206102 0.00253756 -0.0211504 -0.126002 0.45756 
personalBest_fitness 0.330193
personalBest_position -0.55982 2.22025 -1.97894 0.609143 -0.36847 4.34067 
personalBest_fitness 0.335053
personalBest_position -0.450858 2.7915 -3.07124 0.761396 0.447146 4.46857 
personalBest_fitness 0.326866
personalBest_position -0.309445 2.98124 -2.21606 0.947722 0.124186 4.91089 
personalBest_fitness 0.328098
personalBest_position -0.308238 2.91602 -2.4685 0.886149 0.583711 4.11531 
personalBest_fitness 0.323935
personalBest_position -0.805792 3.50035 -3.74197 1.0281 0.407209 5.12995 
personalBest_fitness 0.319048
personalBest_position -0.294252 3.06758 -2.9865 0.950152 0.669463 4.94613 
personalBest_fitness 0.337249
personalBest_position -0.302164 2.82844 -2.74463 0.570924 0.291181 4.60512 
personalBest_fitness 0.322159
personalBest_position -0.61126 3.17996 -3.72147 0.883979 0.328345 5.70048 
personalBest_fitness 0.323992
personalBest_position -0.58994 3.46975 -4.59456 1.01549 0.424684 6.18447 
personalBest_fitness 0.328433
personalBest_position -0.569411 2.90006 -3.51139 1.36694 0.283437 5.59888 
personalBest_fitness 0.312375
personalBest_position -0.551896 2.86239 -3.3303 1.9123 0.369122 5.27174 
personalBest_fitness 0.32668
personalBest_position -0.512178 2.71094 -3.11771 1.12345 -0.0857466 5.27429 
personalBest_fitness 0.340858
personalBest_position -0.29192 2.33598 -2.36517 1.27512 0.229869 4.28099 
personalBest_fitness 0.33162
personalBest_position -0.490885 2.5927 -2.49027 0.610851 0.627148 3.86343 
personalBest_fitness 0.318049
personalBest_position -0.396559 3.19519 -2.74022 0.976971 0.618915 3.92754 
globalBest_fitness 0.32668
globalBest_position -0.512178 2.71094 -3.11771 1.12345 -0.0857466 5.27429 
absoluteBest_fitness 0.340858
absoluteBest_position -0.29192 2.33598 -2.36517 1.27512 0.229869 4.28099 
