t 4
size 15
position 0.437878 0.734793 0.931215 0.0305048 0.272905 1.36178 
position 0.469278 0.948235 0.44637 -0.22829 0.550321 0.888249 
position 0.0241809 1.52383 0.705548 -0.0904323 -0.00745141 1.6828 
position 0.53587 0.813565 0.650114 -0.038224 0.492756 0.965371 
position 0.385447 1.40013 1.01601 0.300511 0.290547 0.875443 
position 0.329211 0.968227 0.683693 -0.501325 0.389843 1.36918 
position 0.292401 1.03095 0.880175 -0.15417 0.191547 1.41453 
position 0.396251 0.503124 0.845711 0.212697 0.447653 0.964535 
position 0.447048 0.995761 0.757081 0.239582 0.524136 0.983603 
position 0.68298 0.951742 0.789273 0.105855 0.711292 1.17186 
position 0.266585 0.460959 0.655027 0.0138091 0.424185 1.41048 
position 0.488004 0.954347 0.733316 0.0959854 0.155641 0.92983 
position 0.546033 1.34521 0.714237 0.247016 0.0806021 0.952932 
position 0.761685 0.565903 1.03655 0.337937 0.322566 1.43862 
position 0.40018 0.993038 0.799432 0.188777 0.432119 0.823193 
speed 0.0535103 0.0580814 0.0928946 -0.197108 0.0469998 0.420441 
speed -0.196804 0.0632758 -0.0909051 -0.195888 -0.0170232 0.0316103 
speed -0.14156 0.281738 -0.103853 -0.217382 -0.161019 0.321758 
speed -0.128388 0.024917 0.096678 -0.064438 -0.0797311 0.254933 
speed -0.138346 0.263376 0.203605 0.0308628 0.00428218 0.133801 
speed -0.134745 0.275191 0.171409 -0.23631 -0.167503 0.189527 
speed -0.0588397 0.0635117 0.190965 -0.183278 -0.0733183 0.259409 
speed -0.0976377 0.0402028 -0.0343223 -0.181915 -0.10231 0.145385 
speed -0.0113659 0.0473624 -0.0328203 -0.170148 0.141457 0.195406 
speed 0.014571 0.00572253 -0.0834803 -0.0887025 -0.0213708 0.125866 
speed -0.110821 0.0902405 0.0679152 -0.0152904 -0.0286006 0.298342 
speed -0.0843352 0.028721 0.0617089 0.00984833 0.0153951 0.0762766 
speed -0.136534 0.309813 0.040829 -0.000212281 -0.111546 0.13348 
speed 0.0166903 0.137209 0.1975 -0.111344 -0.166747 0.274447 
speed 0.0251782 0.060865 0.0433829 -0.00745032 0.00130947 0.0745686 
personalBest_fitness 0.0769388
personalBest_position 0.437878 0.734793 0.931215 0.0305048 0.272905 1.36178 
personalBest_fitness 0.0172105
personalBest_position 0.760491 0.846748 0.675144 0.217777 0.533909 0.861236 
personalBest_fitness 0.141567
personalBest_position 0.0241809 1.52383 0.705548 -0.0904323 -0.00745141 1.6828 
personalBest_fitness 0.0348143
personalBest_position 0.53587 0.813565 0.650114 -0.038224 0.492756 0.965371 
personalBest_fitness 0.0136918
personalBest_position 0.385447 1.40013 1.01601 0.300511 0.290547 0.875443 
personalBest_fitness 0.0475351
personalBest_position 0.463955 0.693036 0.512285 -0.265014 0.557346 1.17966 
personalBest_fitness 0.0857544
personalBest_position 0.292401 1.03095 0.880175 -0.15417 0.191547 1.41453 
personalBest_fitness 0.0191072
personalBest_position 0.396251 0.503124 0.845711 0.212697 0.447653 0.964535 
personalBest_fitness 0.0279583
personalBest_position 0.447048 0.995761 0.757081 0.239582 0.524136 0.983603 
personalBest_fitness 0.0392868
personalBest_position 0.68298 0.951742 0.789273 0.105855 0.711292 1.17186 
personalBest_fitness 0.100868
personalBest_position 0.266585 0.460959 0.655027 0.0138091 0.424185 1.41048 
personalBest_fitness 0.0155882
personalBest_position 0.798918 0.741394 0.559783 0.178351 0.38708 0.87077 
personalBest_fitness 0.0165506
personalBest_position 0.546033 1.34521 0.714237 0.247016 0.0806021 0.952932 
personalBest_fitness 0.0200922
personalBest_position 0.761685 0.565903 1.03655 0.337937 0.322566 1.43862 
personalBest_fitness 0.0308986
personalBest_position 0.45862 0.710441 0.470235 0.178178 0.384187 0.941708 
globalBest_fitness 0.141567
globalBest_position 0.0241809 1.52383 0.705548 -0.0904323 -0.00745141 1.6828 
absoluteBest_fitness 0.141567
absoluteBest_position 0.0241809 1.52383 0.705548 -0.0904323 -0.00745141 1.6828 
